11101011 00000000 00000000 00000000
11000100 100000000 00000000 00011011
11000100 100000000 00000010 00011011
11000100 100000000 00000100 00011011
11000100 100000000 00000101 00011011
11000100 100000000 00000111 00011011
11000100 100000000 00001010 00011011
11000100 100000000 00001101 00011011
11000100 100000000 00001110 00011011
11000100 100000000 00001111 00011011
11000100 11110000 00000000 00011011
11000100 11110000 00000010 00011011
11000100 11110000 00000100 00011011
11000100 11110000 00000111 00011011
11000100 11110000 00001010 00011011
11000100 11110000 00001101 00011011
11000100 11110000 00001111 00011011
11000100 11100000 00000000 00011011
11000100 11100000 00000001 00011011
11000100 11100000 00000010 00011011
11000100 11100000 00000100 00011011
11000100 11100000 00000101 00011011
11000100 11100000 00000111 00011011
11000100 11100000 00001010 00011011
11000100 11100000 00001101 00011011
11000100 11100000 00001111 00011011
11000100 11010000 00000000 00011011
11000100 11010000 00000010 00011011
11000100 11010000 00000100 00011011
11000100 11010000 00000111 00011011
11000100 11010000 00001010 00011011
11000100 11010000 00001101 00011011
11000100 11010000 00001111 00011011
11000100 11000000 00000000 00011011
11000100 11000000 00000010 00011011
11000100 11000000 00000100 00011011
11000100 11000000 00000101 00011011
11000100 11000000 00000111 00011011
11000100 11000000 00001000 00011011
11000100 11000000 00001010 00011011
11000100 11000000 00001011 00011011
11000100 11000000 00001101 00011011
11000100 11000000 00001110 00011011
11000100 11000000 00001111 00011011
11000100 10100000 00000000 00011011
11000100 10100000 00000011 00011011
11000100 10100000 00000101 00011011
11000100 10100000 00000110 00011011
11000100 10100000 00000111 00011011
11000100 10100000 00001001 00011011
11000100 10100000 00001010 00011011
11000100 10010000 00000000 00011011
11000100 10010000 00000010 00011011
11000100 10010000 00000011 00011011
11000100 10010000 00000101 00011011
11000100 10010000 00000111 00011011
11000100 10010000 00001001 00011011
11000100 10010000 00001011 00011011
11000100 10000000 00000000 00011011
11000100 10000000 00000010 00011011
11000100 10000000 00000011 00011011
11000100 10000000 00000101 00011011
11000100 10000000 00000111 00011011
11000100 10000000 00001001 00011011
11000100 10000000 00001010 00011011
11000100 10000000 00001101 00011011
11000100 10000000 00001110 00011011
11000100 01110000 00000001 00011011
11000100 01110000 00000010 00011011
11000100 01110000 00000011 00011011
11000100 01110000 00000101 00011011
11000100 01110000 00000110 00011011
11000100 01110000 00000111 00011011
11000100 01110000 00001001 00011011
11000100 01110000 00001011 00011011
11000100 01010000 00000000 00011011
11000100 01010000 00000011 00011011
11000100 01010000 00000100 00011011
11000100 01010000 00000111 00011011
11000100 01000000 00000000 00011011
11000100 01000000 00000011 00011011
11000100 01000000 00000101 00011011
11000100 01000000 00000111 00011011
11000100 00110000 00000000 00011011
11000100 00110000 00000011 00011011
11000100 00110000 00000101 00011011
11000100 00100000 00000000 00011011
11000100 00100000 00000001 00011011
11000100 00100000 00000011 00011011
11000100 00100000 00000100 00011011
11000100 00100000 00000111 00011011
11110011 00000000 00000000 00000000